Forward Difference:
16986,17337,17254,17194,16904,16838,17097,17091,16872,16597,
15031,15488,15485,15454,15256,15257,15498,15411,15305,15100,
14899,15424,15356,15343,15190,15156,15318,15222,15113,14843,
14945,15450,15398,15385,15224,15118,15335,15263,15188,14839,
14909,15393,15314,15307,15151,15094,15311,15178,15079,14806,
14931,15417,15397,15370,15178,15102,15291,15171,15132,14787,
14844,15329,15320,15258,15124,15107,15232,15128,15046,14662,
14870,15385,15364,15279,15196,15253,15347,15233,15103,14736,
14922,15422,15391,15364,15240,15250,15383,15246,15059,14756,
14921,15421,15385,15402,15273,15333,15409,15277,15089,14748,
14827,15313,15347,15379,15229,15273,15346,15254,15027,14677,
14798,15302,15325,15350,15191,15252,15360,15251,15055,14795,
14748,15245,15282,15323,15155,15169,15338,15229,15071,14812,
14626,15104,15083,15165,15038,15080,15221,15115,14931,14615,
14807,15285,15162,15282,15102,15151,15289,15168,14994,14682,
Reverse Difference:
18224,16174,15982,15877,15681,15596,15751,15474,15428,15239,15006,15199,14951,14915,14615,
18200,16302,16174,16057,15826,15719,15878,15646,15577,15389,15139,15347,15082,15036,14707,
18122,16318,16126,16028,15781,15742,15894,15668,15598,15401,15224,15439,15183,15072,14638,
18045,16246,16069,15987,15724,15671,15797,15525,15511,15373,15194,15402,15162,15079,14696,
17861,16166,16033,15926,15695,15603,15793,15574,15538,15374,15183,15377,15144,15084,14660,
17789,16149,15975,15818,15605,15498,15734,15575,15501,15377,15189,15382,15103,15081,14662,
17873,16209,15958,15855,15652,15512,15696,15498,15440,15271,15081,15317,15088,15045,14638,
17920,16204,15940,15850,15592,15468,15647,15465,15386,15233,15050,15287,15067,15018,14579,
17704,16081,15818,15777,15511,15433,15583,15324,15180,15039,14825,15076,14887,14832,14400,
17617,16069,15738,15611,15403,15271,15370,15142,15064,14866,14640,14978,14805,14677,14247,
Forward Valid Table:
0    ,0    ,0    ,0    ,0    ,0    ,0    ,0    ,0    ,0    ,
0    ,0    ,0    ,0    ,0    ,0    ,0    ,0    ,0    ,0    ,
0    ,0    ,0    ,0    ,0    ,0    ,0    ,0    ,0    ,0    ,
0    ,0    ,0    ,0    ,0    ,0    ,0    ,0    ,0    ,0    ,
0    ,0    ,0    ,0    ,0    ,0    ,0    ,0    ,0    ,0    ,
0    ,0    ,0    ,0    ,0    ,0    ,0    ,0    ,0    ,0    ,
0    ,0    ,0    ,0    ,0    ,0    ,0    ,0    ,0    ,0    ,
0    ,0    ,0    ,0    ,0    ,0    ,0    ,0    ,0    ,0    ,
0    ,0    ,0    ,0    ,0    ,0    ,0    ,0    ,0    ,0    ,
0    ,0    ,0    ,0    ,0    ,0    ,0    ,0    ,0    ,0    ,
0    ,0    ,0    ,0    ,0    ,0    ,0    ,0    ,0    ,0    ,
0    ,0    ,0    ,0    ,0    ,0    ,0    ,0    ,0    ,0    ,
0    ,0    ,0    ,0    ,0    ,0    ,0    ,0    ,0    ,0    ,
0    ,0    ,0    ,0    ,0    ,0    ,0    ,0    ,0    ,0    ,
0    ,0    ,0    ,0    ,0    ,0    ,0    ,0    ,0    ,0    ,
Reverse Valid Table:
0    ,0    ,0    ,0    ,0    ,0    ,0    ,0    ,0    ,0    ,0    ,0    ,0    ,0    ,0    ,
0    ,0    ,0    ,0    ,0    ,0    ,0    ,0    ,0    ,0    ,0    ,0    ,0    ,0    ,0    ,
0    ,0    ,0    ,0    ,0    ,0    ,0    ,0    ,0    ,0    ,0    ,0    ,0    ,0    ,0    ,
0    ,0    ,0    ,0    ,0    ,0    ,0    ,0    ,0    ,0    ,0    ,0    ,0    ,0    ,0    ,
0    ,0    ,0    ,0    ,0    ,0    ,0    ,0    ,0    ,0    ,0    ,0    ,0    ,0    ,0    ,
0    ,0    ,0    ,0    ,0    ,0    ,0    ,0    ,0    ,0    ,0    ,0    ,0    ,0    ,0    ,
0    ,0    ,0    ,0    ,0    ,0    ,0    ,0    ,0    ,0    ,0    ,0    ,0    ,0    ,0    ,
0    ,0    ,0    ,0    ,0    ,0    ,0    ,0    ,0    ,0    ,0    ,0    ,0    ,0    ,0    ,
0    ,0    ,0    ,0    ,0    ,0    ,0    ,0    ,0    ,0    ,0    ,0    ,0    ,0    ,0    ,
0    ,0    ,0    ,0    ,0    ,0    ,0    ,0    ,0    ,0    ,0    ,0    ,0    ,0    ,0    ,
